0 10149
Done 1
Grupo: 1
Practice 1
1 10152
2 9960
3 10006
4 9831
5 9872
6 9936
7 9954
8 9898
9 10051
10 9844
11 9971
12 10190
13 9965
14 10127
15 9917
16 9897
17 9942
18 9966
19 9917
20 10106
21 10081
22 10087
23 10008
24 9960
25 9930
26 9985
27 9949
28 10210
29 9962
30 10063
31 10079
32 10019
33 9823
34 9914
35 10079
36 10131
37 10159
38 10181
39 10024
40 10031
41 10071
42 9943
43 10023
44 10096
45 10043
46 10033
47 9933
48 10040
49 10020
50 10066
51 9993
52 9863
53 9999
54 9953
55 9949
56 9962
57 9780
58 10030
59 10056
60 9889
61 9925
62 10070
63 10011
64 9713
65 9934
66 9823
67 10049
68 9928
69 9984
70 10087
71 10004
72 9997
73 10127
74 9943
75 10045
76 10019
77 10115
78 9987
79 10029
80 10236
81 10176
82 9956
83 10107
84 10001
85 10060
86 9976
87 9971
88 9991
89 10095
90 10018
91 10012
92 10074
93 9993
94 9918
95 10009
96 10024
97 10011
98 9966
99 9903
100 10137
101 10057
102 9910
103 10065
104 9868
105 10012
106 10031
107 10089
108 9891
109 10190
110 10129
111 10185
112 10030
113 10247
114 9856
115 9982
116 9783
117 9997
118 9962
119 10084
120 9952
121 10009
122 10008
123 10087
124 10049
125 9951
126 10018
127 9862
128 9952
129 10013
130 10036
131 9822
132 10043
133 9869
134 9910
135 9899
136 10043
137 10008
138 9946
139 9872
140 10059
141 9908
142 10155
143 9928
144 9957
145 10122
146 9979
147 9909
148 9970
149 10072
150 9963
151 9832
152 10107
153 9993
154 10020
155 9905
156 10067
157 9938
158 9867
159 9839
160 9914
161 10080
162 9963
163 9936
164 10110
165 9947
166 10094
167 10012
168 9951
169 9846
170 10045
171 9927
172 9907
173 10087
174 9858
175 9961
176 9967
177 10031
178 10052
179 9961
180 9965
181 9895
182 9886
183 9932
184 9982
185 9964
186 10247
187 10143
188 10118
189 9961
190 9769
191 9899
192 10072
193 10014
194 9951
195 10135
196 10139
197 9889
198 10090
199 10166
200 9988
201 9999
202 10098
203 9932
204 10046
205 9908
206 10032
207 10091
208 10039
209 9984
210 10035
211 10082
212 9904
213 10080
214 9808
215 9921
216 9989
217 10165
218 10073
219 9816
220 10150
221 9935
222 10042
223 10261
224 9877
225 10141
226 9973
227 9860
228 10084
229 9963
230 9978
231 9951
232 10024
233 9963
234 9972
235 9890
236 10018
237 10029
238 10126
239 10001
240 9979
241 9988
242 9965
243 10002
244 10059
245 10021
246 10020
247 10220
248 10089
249 10094
250 9916
251 10057
252 10034
253 9794
254 10190
255 9959
256 10038
257 10099
258 10000
259 10021
260 10079
261 10088
262 9978
263 10035
264 9955
265 10106
266 10015
267 9927
268 10105
269 10092
270 10009
271 9776
272 9978
273 9859
274 9827
275 10028
276 9935
277 10106
278 9996
279 10004
280 9851
281 10032
282 10005
283 9892
284 10062
285 10151
286 9863
287 10012
288 9876
289 9927
290 9870
291 10046
292 9926
293 10096
294 10026
295 9970
296 9949
297 9989
298 10042
299 10175
300 10048
301 10027
302 10072
303 9918
304 10012
305 10074
306 9901
307 9719
308 10247
309 10074
310 9702
311 10096
312 10172
313 10021
314 10004
315 9983
316 10033
317 10027
318 10043
319 9956
320 9949
321 10236
322 10018
323 9944
324 9920
325 10007
326 9959
327 9920
328 9943
329 9999
330 9879
331 10020
332 9957
333 10036
334 10109
335 10066
336 9924
337 9934
338 9920
339 10076
340 9901
341 9927
342 10096
343 9960
344 10007
345 10127
346 10031
347 10196
348 9880
349 9982
350 9869
351 9982
352 9943
353 9924
354 9992
355 10022
356 9910
357 10182
358 10043
359 9965
360 9773
361 10043
362 10222
363 9968
364 9956
365 9803
366 10058
367 10027
368 10006
369 10102
370 10052
371 9907
372 10088
373 9761
374 10201
375 10022
376 9993
377 9927
378 10061
379 10168
380 10026
381 9988
382 9911
383 9884
384 9853
385 9980
386 9872
387 9870
388 9879
389 10009
390 9901
391 10157
392 9861
393 10043
394 9984
395 9689
396 10110
397 9949
398 10069
399 9901
400 9859
401 9983
402 9960
403 10060
404 10065
405 10125
406 10018
407 9992
408 9842
409 10001
410 9925
411 10123
412 9982
413 9991
414 10243
415 10074
416 9949
417 10105
418 9902
419 10161
420 10267
421 9873
422 9996
423 10217
424 10020
425 10125
426 9949
427 10030
428 10165
429 9979
430 10094
431 9885
432 10116
433 10044
434 9961
435 9920
436 10045
437 10103
438 10078
439 9996
440 9967
441 10240
442 9860
443 10027
444 9882
445 10064
446 10025
447 9818
448 10047
449 9966
450 9975
451 9952
452 9994
453 10020
454 9912
455 9982
456 9968
457 10013
458 9824
459 9989
460 9902
461 10073
462 9932
463 10056
464 10152
465 10155
466 10007
467 9943
468 10112
469 9920
470 10051
471 9977
472 9907
473 10055
474 9947
475 9878
476 9971
477 10150
478 9879
479 9951
480 9719
481 9843
482 9999
483 9950
484 10162
485 9915
486 9881
487 9905
488 10032
489 10122
490 10046
491 10072
492 9985
493 9993
494 10020
495 9762
496 9992
497 10133
498 10012
499 10079
500 9639
501 9799
502 10047
503 10074
504 10084
505 9867
506 9795
507 10026
508 9977
509 10150
510 9970
511 9893
512 10134
513 9836
514 9760
515 10101
516 9864
517 9972
518 10155
519 10123
520 9877
521 9812
522 10031
523 10012
524 10093
525 9981
526 9934
527 10031
528 10035
529 10005
530 9975
531 10226
532 10041
533 10097
534 10119
535 10168
536 9932
537 9903
538 10122
539 9995
540 9968
541 9798
542 10035
543 10163
544 10244
545 10024
546 10001
547 9949
548 9902
549 10110
550 9826
551 10096
552 10177
553 9997
554 10027
555 9925
556 10148
557 9847
558 9889
559 10052
560 10067
561 9971
562 10028
563 10083
564 10099
565 10011
566 9921
567 10269
568 10159
569 10014
570 9999
571 10188
572 10042
573 10075
574 9975
575 9985
576 10020
577 10092
578 9898
579 9952
580 10191
581 9904
582 9947
583 9919
584 9920
585 9946
586 10035
587 9842
588 10036
589 10043
590 9966
591 9902
592 9866
593 9962
594 10098
595 10005
596 9909
597 10097
598 10130
599 9755
600 10103
601 9914
602 10048
603 9934
604 10055
605 9937
606 10093
607 9892
608 10018
609 9905
610 10076
611 9939
612 10043
613 9927
614 10137
615 9984
616 9931
617 10030
618 9922
619 9978
620 10039
621 9971
622 10061
623 9737
624 9940
625 10023
626 10038
627 10035
628 10060
629 9989
630 9792
631 9929
632 9936
633 10124
634 9997
635 9980
636 9953
637 9990
638 9996
639 9958
640 9887
641 10109
642 9899
643 10094
644 9999
645 9987
646 9885
647 10273
648 10109
649 10033
650 10059
651 9990
652 9817
653 9965
654 10029
655 9986
656 9960
657 10159
658 9962
659 9970
660 9908
661 10034
662 10238
663 10074
664 9918
665 10017
666 10063
667 9990
668 10000
669 10162
670 10092
671 10029
672 9960
673 9990
674 9940
675 9915
676 9958
677 10080
678 10093
679 9908
680 10134
681 9966
682 9982
683 10010
684 10014
685 10049
686 9874
687 9907
688 9998
689 10026
690 9887
691 10015
692 10094
693 10148
694 10014
695 10055
696 9919
697 10115
698 10028
699 10166
700 9874
701 10086
702 9951
703 9929
704 9931
705 9911
706 10053
707 10136
708 9940
709 10086
710 9934
711 10036
712 10018
713 10033
714 10050
715 9843
716 10023
717 9914
718 9922
719 10004
720 9838
721 10042
722 10000
723 9893
724 10103
725 10044
726 9919
727 10162
728 10050
729 9815
730 9927
731 9915
732 10030
733 10053
734 9938
735 10120
736 9925
737 10116
738 9949
739 9953
740 10089
741 10091
742 9884
743 10130
744 9938
745 9930
746 10075
747 10011
748 9996
749 10061
750 9990
751 9993
752 10091
753 10026
754 9875
755 10064
756 9749
757 9876
758 10282
759 10061
760 10016
761 10085
762 9958
763 9895
764 9857
765 10068
766 9956
767 9782
768 10039
769 10022
770 9941
771 9973
772 10072
773 9810
774 10012
775 9989
776 9858
777 9949
778 10026
779 9901
780 10114
781 10162
782 10017
783 9967
784 9933
785 10030
786 10079
787 10009
788 10094
789 10015
790 9837
791 10137
792 10038
793 10011
794 9867
795 9917
796 10083
797 9919
798 10059
799 9995
800 10075
801 9975
802 10108
803 10241
804 10186
805 10025
806 10000
807 10161
808 10016
809 10028
810 9970
811 9940
812 10066
813 9725
814 9901
815 10087
816 10035
817 9948
818 10037
819 10070
820 10077
821 9900
822 10113
823 9748
824 9948
825 9922
826 10120
827 10213
828 10185
829 10102
830 9885
831 9969
832 9956
833 10050
834 10073
835 10077
836 9834
837 9878
838 9893
839 9978
840 10079
841 9945
842 9805
843 10100
844 10063
845 10116
846 9886
847 10145
848 9872
849 9959
850 9990
851 9965
852 10083
853 10159
854 9923
855 9861
856 10107
857 10087
858 9962
859 10099
860 9845
861 10202
862 10103
863 9964
864 10033
865 10084
866 9939
867 9967
868 9929
869 10028
870 9893
871 9794
872 9981
873 10112
874 9977
875 10070
876 10074
877 9879
878 10012
879 10129
880 9945
881 9894
882 9909
883 10125
884 10040
885 10125
886 10181
887 9904
888 9824
889 10059
890 9944
891 10024
892 10147
893 9897
894 10007
895 10044
896 10157
897 9957
898 9986
899 9881
900 10182
901 9926
902 10177
903 9983
904 9971
905 9950
906 10020
907 10002
908 10047
909 9935
910 10105
911 10142
912 10022
913 9990
914 10130
915 10194
916 9997
917 9948
918 10124
919 9992
920 10128
921 10026
922 9905
923 9996
924 10122
925 10154
926 9758
927 10058
928 9905
929 10026
930 10010
931 10049
932 10059
933 9971
934 9957
935 9917
936 10198
937 10178
938 9827
939 9861
940 9953
941 9953
942 10020
943 10006
944 9771
945 9899
946 9923
947 9957
948 10111
949 10122
950 10047
951 10093
952 9900
953 9925
954 10051
955 9999
956 10043
957 9863
958 10037
959 10116
960 10185
961 9979
962 10061
963 9995
964 10091
965 9995
966 9983
967 9838
968 10032
969 10160
970 9950
971 10219
972 9780
973 9880
974 10056
975 9812
976 10106
977 9880
978 10056
979 10039
980 9988
981 10048
982 9818
983 9833
984 9947
985 10007
986 10028
987 10164
988 9965
989 9846
990 9976
991 10119
992 9743
993 10214
994 9806
995 9834
996 9948
997 10132
998 10020
999 9828
