0 100072
10000 99837
20000 99418
30000 99906
40000 100073
50000 99540
60000 101124
70000 100381
80000 100408
90000 99676
100000 100273
110000 100247
120000 99998
130000 100021
140000 99916
150000 100128
160000 100457
170000 100283
180000 100124
190000 100314
200000 100237
210000 100382
220000 99809
230000 100369
240000 99702
250000 99701
260000 99730
270000 99536
280000 99740
290000 99800
300000 100194
310000 99742
320000 99406
330000 100129
340000 100093
350000 100440
360000 99635
370000 100320
380000 100172
390000 99555
400000 99656
410000 99767
420000 100292
430000 100351
440000 99853
450000 100268
460000 100045
470000 100265
480000 99934
490000 100328
500000 99124
510000 99961
520000 100319
530000 99698
540000 100437
550000 100064
560000 99780
570000 100037
580000 100312
590000 99880
600000 99612
610000 99593
620000 100192
630000 99848
640000 99354
650000 100228
660000 99882
670000 99759
680000 99565
690000 100109
700000 100185
710000 100035
720000 100017
730000 100178
740000 99612
750000 99678
760000 100349
770000 100225
780000 100090
790000 100548
800000 100005
810000 100146
820000 100057
830000 99630
840000 99761
850000 100152
860000 99810
870000 99939
880000 99339
890000 99850
900000 100395
910000 100175
920000 100124
930000 100222
940000 100117
950000 99939
960000 99883
970000 100409
980000 99993
990000 99731
1000000 8
